function z=Cost(x, jj)%%%%%%%%M, A, o,a, b, Abenchmark_func
 
global NFE
NFE=NFE+1;
 
  Di=length(x);
 [ps,D]=size(x);

% 
% % %%%%%%%%%CEC2005:
% % %%%Shifted Sphere Function
if jj==1
k=[-39.3119000000000,58.8999000000000,-46.3224000000000,-74.6515000000000,-16.7997000000000,-80.5441000000000,-10.5935000000000,24.9694000000000,89.8384000000000,9.11190000000000,-10.7443000000000,-27.8558000000000,-12.5806000000000,7.59300000000000,74.8127000000000,68.4959000000000,-53.4293000000000,78.8544000000000,-68.5957000000000,63.7432000000000,31.3470000000000,-37.5016000000000,33.8929000000000,-88.8045000000000,-78.7719000000000,-66.4944000000000,44.1972000000000,18.3836000000000,26.5212000000000,84.4723000000000,39.1769000000000,-61.4863000000000,-25.6038000000000,-81.1829000000000,58.6958000000000,-30.8386000000000,-72.6725000000000,89.9257000000000,-15.1934000000000,-4.33370000000000,5.34300000000000,10.5603000000000,-77.7268000000000,52.0859000000000,40.3944000000000,88.3328000000000,-55.8306000000000,1.31810000000000,36.0250000000000,-69.9271000000000,-8.62790000000000,-56.8944000000000,85.1296000000000,17.6736000000000,6.15290000000000,-17.6957000000000,-58.9537000000000,30.3564000000000,15.9207000000000,-18.0082000000000,80.6411000000000,-42.3912000000000,76.2776000000000,-50.1652000000000,-73.5736000000000,28.3369000000000,-57.9905000000000,-22.7327000000000,52.0269000000000,39.2599000000000,10.8679000000000,77.8207000000000,66.0395000000000,-50.0667000000000,55.7063000000000,73.7141000000000,38.5296000000000,-56.7865000000000,-89.6477000000000,37.9576000000000,29.4720000000000,-35.4641000000000,-31.7868000000000,77.3235000000000,54.7906000000000,-48.2794000000000,74.2714000000000,72.6103000000000,62.9640000000000,-14.1446000000000,20.4923000000000,46.5897000000000,-83.6021000000000,-46.4809000000000,83.7373000000000,-79.6611000000000,24.3479000000000,-17.2303000000000,72.3404000000000,-36.4022000000000];
o=k(1:Di);
x=x-repmat(o,ps,1);
z=sum(x.^2,2);
end

% 	2.Shifted Schwefel's Problem 1.2 (f13)% % %   x=x-repmat(o,ps,1);%z=z+sum((x(:,1:i)-o(:,1:i)),2).^2;
 if jj==2
k=[35.6267000000000,-82.9123000000000,-10.6423000000000,-83.5815000000000,83.1552000000000,47.0480000000000,-89.4359000000000,-27.4219000000000,76.1448000000000,-39.0595000000000,48.8857000000000,-3.98280000000000,-71.9243000000000,64.1947000000000,-47.7338000000000,-5.98960000000000,-26.2828000000000,-59.1811000000000,14.6028000000000,-85.4780000000000,-50.4901000000000,0.924000000000000,32.3978000000000,30.2388000000000,-85.0949000000000,60.1197000000000,-36.2183000000000,-8.58830000000000,-5.19710000000000,81.5531000000000,-23.4316000000000,-25.3505000000000,-41.2485000000000,8.80180000000000,-24.2222000000000,-87.9807000000000,78.0473000000000,-48.0528000000000,14.0177000000000,-36.6405000000000,12.2168000000000,18.1449000000000,-64.5647000000000,-84.8493000000000,-76.6088000000000,-1.70420000000000,-36.0761000000000,37.0336000000000,18.4431000000000,-64.3590000000000,-39.3692000000000,-17.7140000000000,30.1985000000000,-18.5483000000000,9.68660000000000,82.6009000000000,-45.5256000000000,5.14430000000000,74.2040000000000,66.8103000000000,-63.4704000000000,13.0329000000000,-5.68780000000000,29.5271000000000,-0.435300000000000,-26.1652000000000,-6.68470000000000,-80.2291000000000,-29.5815000000000,82.0422000000000,77.1770000000000,-11.2770000000000,32.0759000000000,-2.68580000000000,81.5096000000000,64.0770000000000,-26.1294000000000,-84.7820000000000,-62.8768000000000,-37.6355000000000,76.8916000000000,53.4170000000000,-25.3311000000000,-38.0702000000000,-84.1738000000000,-11.2246000000000,-83.4619000000000,-17.5508000000000,-36.5285000000000,89.5528000000000,25.8794000000000,68.6252000000000,55.7968000000000,-29.5975000000000,-58.0976000000000,65.7413000000000,-8.87030000000000,-5.32810000000000,74.0661000000000,4.03380000000000;];
o=k(1:Di);
% x(:,1:Di)=(x(:,1:Di)-o(:,1:Di));
x=x-repmat(o,ps,1);
  z=0;
for i=1:Di
z=z+sum((x(:,1:i)),2).^2;

end

end

% % % 	3.Shifted Rotated High Conditioned Elliptic Function
if jj==3
k=[-32.2013000000000,64.9776000000000,-38.3000000000000,-23.2582000000000,-54.0088000000000,86.6286000000000,-6.30090000000000,-49.3644000000000,5.34990000000000,52.2418000000000,-13.3643000000000,73.1263000000000,-8.56910000000000,-20.4915000000000,-60.1487000000000,16.0884000000000,-78.3319000000000,70.0387000000000,-6.85210000000000,-64.7970000000000,65.4005000000000,-26.0233000000000,-33.8757000000000,51.5893000000000,27.6427000000000,-69.4485000000000,25.5123000000000,-59.0782000000000,-66.5481000000000,-51.2733000000000,-81.7760000000000,-71.6572000000000,37.0810000000000,-63.4248000000000,-64.7785000000000,31.5299000000000,18.5387000000000,9.83420000000000,-0.603700000000000,1.73460000000000,70.1605000000000,-82.0391000000000,-42.7368000000000,-83.5930000000000,-85.0255000000000,41.1773000000000,4.16490000000000,-13.4505000000000,-0.310000000000000,-38.7944000000000,71.2702000000000,65.5320000000000,8.77530000000000,-55.4691000000000,-20.6252000000000,22.2901000000000,13.6798000000000,65.6745000000000,75.8418000000000,27.8926000000000,-15.0616000000000,-17.3036000000000,57.9346000000000,-86.6326000000000,65.0596000000000,47.3884000000000,29.1660000000000,65.5435000000000,3.46430000000000,-39.8140000000000,18.2261000000000,77.0446000000000,62.1882000000000,-11.4000000000000,-10.6218000000000,70.1276000000000,-40.8673000000000,-24.4451000000000,52.1398000000000,-10.5136000000000,29.2399000000000,2.17050000000000,44.0863000000000,81.7943000000000,80.0466000000000,88.3266000000000,16.6098000000000,-50.2573000000000,-71.6993000000000,71.5368000000000,61.4273000000000,-3.67390000000000,77.9428000000000,-22.3294000000000,64.7634000000000,-74.2823000000000,14.1899000000000,37.8473000000000,-77.7129000000000,28.9959000000000;];
o=k(1:Di);
%%%%%%%%%%D=30
M=[0.101649572617649,0.289072035923176,-0.286765021380243,0.121865618984988,0.00556450860017092,-0.223031522320117,-0.194727801566838,-0.118711184357127,0.138209269766396,-0.0378285697535036,0.314550319543548,0.0448798340395962,0.125701159745846,0.211404553727814,-0.396494778335324,0.216799871857644,0.173443397815688,0.0520563323071446,-0.228655671627581,-0.172426368847681,-0.0187653498326652,-0.245097761966214,-0.0429095431234527,0.0852039239375786,-0.00280736755251563,-0.269434649254420,0.204261606401297,-0.0773085750070017,0.121108280661023,-0.0417119307910484;-0.0635668812873883,-0.0636653252640349,-0.0986125954624161,-0.100143645855816,-0.144933491412750,-0.0417667801988755,0.369298139211746,0.117746889577414,0.195051021104135,0.106713075552595,0.108885935271534,-0.227680516685244,0.0194001907590832,-0.113319466655254,-0.0857542718514558,0.186839478847148,-0.215407735779368,-0.275271364593760,-0.249960698175185,-0.0434233484826980,0.210246719261584,0.000639868613076700,0.392219411564581,0.113541601733247,-0.376237262492889,0.0118746069897606,-0.102594353993262,0.173564543841298,0.105251581608107,-0.199131403714783;0.171606756641805,-0.0394064300503054,0.113350611643999,-0.400789833183608,0.00252662412354942,-0.00865890279827147,0.139681767958679,0.0539508622923080,0.453574017608888,0.274165548457225,-0.201201029318243,0.107860181683852,0.112155078527778,-0.0852217563253635,-0.0365656946223936,0.0768160087281115,0.0838615993940098,0.258548079607502,-0.0106664156559209,-0.0526636887043350,0.0460508153121673,-0.287433539824572,-0.0226902251019589,-0.0363803688167517,0.284973201493771,0.200563532196358,0.273872416164543,0.205746391187397,-0.0764988204352923,-0.0703837292461720;0.277595438108878,0.0372035349616752,0.0188615291369658,-0.262111120548872,0.492538460100953,0.102616120343439,0.222243530352718,0.231962858907399,-0.164322029575796,-0.250974157763897,0.309307163881238,-0.133242840749707,-0.0750533183900781,0.0431527260236223,-0.205050813185730,-0.00724507436946414,-0.0347666239708040,-0.160332033317056,0.0874031186881938,-0.101014501796048,-0.0369668755113455,-0.0152086634983077,0.00320521276065479,-0.143090518188925,0.268998953438011,-0.0218382495670583,-0.158001804417444,0.00933995625162381,-0.196399850536393,-0.199660479754626;0.0987196069766670,-0.226796461120093,-0.252541464492151,0.0528012629839485,-0.193344839222873,0.215599675090503,0.293722161940922,-0.161190184626149,0.158192790732803,0.0862507976090545,0.113859680596141,-0.277524132754862,0.181742635743489,0.252333309854451,0.0389886269158712,-0.0892970469680220,0.168190656089495,0.278703187133208,0.235982614946373,0.244971490871448,-0.193252247664029,0.0181217441202776,0.00240336668444485,-0.148037288560151,0.0694149452142575,-0.273389514143036,-0.234668931064354,0.00397603157293236,0.138045961995339,-0.111926406356250;0.0135499894149984,-0.158979182919459,-0.257699686733340,-0.178474153312015,0.108855460209274,-0.0218330242678109,0.0118502472615649,-0.412782632892685,0.0207448770146884,-0.211833373630189,-0.0965502097075295,0.453901627486203,-0.246327512567348,-0.0296725564694131,0.0257450548031615,0.00859776092957890,-0.417122438594125,0.124463628715271,-0.0610581262543247,0.149766783745947,0.0342471617616747,0.0248945372731793,0.104771764409027,-0.147658432801005,-0.0262083894652306,-0.213267526535323,0.0859084635222691,-0.0218333899030421,-0.00817704814639657,-0.257235220495131;0.185073472069158,0.157580355730190,0.0324772514164654,0.451307153561324,0.199468426704495,0.375647527549828,0.121431248511020,-0.197125511517102,-0.132510753938849,-0.142090590760394,-0.288261149100731,-0.184972027031437,0.126808120809744,-0.188063344316617,0.0370593892047093,0.0833486407839542,-0.0273899170978397,-0.0233839723188801,-0.106740186594660,0.0777974605637355,-0.0117361608317625,-0.229374865997853,0.0688547189862504,0.0628942659530501,0.0865314069430917,0.163560354941556,0.235972472530733,-0.00283188949106408,0.216502961509169,-0.264309866671640;0.135949325669065,0.307419136851475,-0.153502470098631,-0.144645313583647,0.0456926122051888,-0.0518994819674233,-0.0502313337675974,-0.266470011897897,-0.00302927455868819,0.141467820603322,-0.149466565433097,-0.132550528785736,0.254605021271442,0.244642749947168,0.0533581464238013,-0.480684556808528,-0.104298635630173,-0.0448145061242230,-0.191636842925039,-0.0425762125898510,0.275557549765169,0.267216137842209,0.0622116428615620,0.256906314658181,0.162282248944035,0.0891330192192643,-0.124900136200018,-0.0389480840123204,-0.142796102124235,-0.0726975481567188;0.0390672615741189,-0.303729353771997,-0.178108426262465,0.0455199728463813,-0.0475207899802671,0.175159922337573,-0.0118757634248774,0.103663446411084,-0.0122061842685715,0.280851108290395,0.314888498232595,-0.00830222114760510,-0.0935883395457247,-0.277308856092421,0.0722588515120634,-0.0252318413964895,-0.239154196075759,0.0158048864793473,-0.339462005610073,0.0347027148754220,-0.111752157900451,-0.0100800158982042,-0.248686860493937,0.362855105826117,0.306165344066221,0.0174015709534539,-0.00293603617979431,-0.286266800559218,0.0284338788518022,0.0452324771608924;-0.260236001159330,-0.214995757295209,0.140004821941110,-0.0920939135039425,0.197624928446736,-0.116068096036313,-0.143491102009342,-0.240033098762258,-0.0307648977664300,-0.151512916107656,0.134806954093748,-0.100613354217161,0.158371544895405,0.0199527367791943,-0.180127454248700,0.0127965693798007,0.0846887950237407,0.230276708328485,-0.343508048651631,0.234648348768628,-0.0620285157728520,-0.141198796366863,0.235940517224014,-0.132550557515086,0.0408827337240621,0.421288626864169,-0.276644836373128,-0.0716540300979508,0.0832267231245407,0.137558133351552;-0.114531328030445,0.000501610346794441,0.0633308298393621,-0.190127227640041,0.0319946916015218,0.0374754102607064,-0.106518338914662,0.258657244898654,-0.252432523625856,0.181813853731084,0.0598214193235670,-0.0382778135606777,0.325195466283768,0.115025458086172,0.109099067630597,-0.0622171887605842,-0.220152388732565,0.116938603252732,0.0717014393891741,0.0635315023982875,0.328567059850091,-0.254771163998489,-0.113728806366073,-0.280364393118869,-0.196167034275502,-0.0647960237844038,0.148033419921728,-0.391039545226233,0.184215756283615,-0.205677281721933;-0.306590161899856,0.133127186006514,-0.0890340102069842,-0.267713595154666,0.302060301716091,-0.0776023893279314,-0.0155300319216471,-0.105343317339914,-0.123068708604503,0.0388763191238490,-0.0572481306019585,-0.0790160531368859,0.0668144887425574,-0.104618847021082,0.415766045839607,0.350932322208685,0.274614018550807,0.00612761922739818,-0.0750158808984959,0.0998309277973790,0.0252531070586399,-0.00548554313288393,-0.239753636892310,0.245111971309485,0.0174175574211545,-0.225235402160367,-0.165436292046724,0.199381530329786,0.0767040245495939,-0.170778170366747;0.00668953399112005,-0.0306599530503161,0.102729658458049,-0.0672164876679380,0.142104876217845,0.135588641289101,-0.0118945106819846,-0.120561198707658,-0.00200965073615362,0.250519914300190,0.0533552001233239,0.100192251537192,0.401562277130891,0.170810895092794,-2.61191386184033e-05,0.267292312094363,-0.132584625734642,-0.312641998602990,-0.108520244205132,0.0854968851463823,-0.388348205282828,0.412923224619324,0.00634056241240302,-0.210643073067475,-0.0291072710139500,0.00933235322100544,0.282470312669477,0.0317131870128270,-0.0394252249958970,0.0986981201030731;-0.326066004365163,-0.0685319573176007,0.0455444682240376,-0.115551682086615,-0.178251741029367,0.0587120955111739,-0.117655760686050,-0.197462477884818,-0.162044476477576,0.0791172673176190,0.275049861749427,-0.158158198369454,-0.132786302069797,-0.157962970783985,-0.0680868668472678,-0.371286401703653,0.249206823227508,-0.225008593689477,0.0369292360948473,0.0794005283093843,-0.0504449873014995,-0.0800646361395798,0.104741581505682,-0.0820499938193100,0.0974309100049117,-0.0448971240117060,0.413812886163024,0.196168025761939,-0.118942142942330,-0.291215552850785;-0.0337436002376648,-0.0398810617900953,-0.0979218137551673,0.0686347906535467,0.339584270651879,0.0571447970035589,-0.0911782130051627,-0.200444018631587,0.404325009079173,0.188093029755762,0.120777863354621,0.0382803181297143,-0.175213625451236,0.124503037854536,0.285674865362125,-0.0557372094913675,0.114664425617059,-0.358855301348438,0.283738475640341,-0.0862931623450313,0.00315401894370017,-0.244610958834406,0.160029347130335,0.0153391693286604,-0.107561666437773,0.152527378942371,-0.0488971434734197,-0.336329439262963,0.0183167576595362,0.0618298931989872;0.142404667154564,0.153214577696604,0.372856419831310,-0.157096754331231,0.219813570964893,0.0751433479473682,-0.228487761918209,0.0171416523104885,0.132152462726663,0.0829255932143278,0.0650457377011112,-0.210870977259170,-0.191853880728219,-0.0635929749323366,-0.119477253692764,-0.105619798787421,-0.182888821512737,0.151354189382158,0.108263550823299,0.322371818257239,-0.0419454514186224,0.0730741258152190,0.199213015475714,0.247981563375617,-0.0837693814915872,-0.338761227587248,0.102373489013539,0.0590872874847712,0.301634107748680,0.199366304483671;-0.0206949167918970,-0.0794469725911075,0.0804859289646610,0.253622525098292,0.0979143581414037,-0.199416275155515,-0.0624813691131881,0.0900481872968902,0.0474914668026183,0.207190208573477,-0.0834817216031976,0.0368634493689438,0.0311968424197129,-0.268215581059956,-0.0215144957273499,0.152270774460921,0.232225312077895,0.104799412074181,-0.000149191037803176,-0.0141178322876313,0.238545396776453,0.324274551404847,0.410291974919553,-0.172920722144804,0.322268310841121,-0.255699483221857,-0.0378175475826876,-0.270705216772205,-0.103791293955510,-0.175739576451030;-0.186054605474638,0.250576354631706,0.00676172942183095,-0.0300274279853490,-0.0906983516624831,-0.0108611146506778,0.346679386084927,-0.0768203743627778,0.0517951884788846,-0.144097822869930,0.123046887556044,-0.237785748932467,-0.301659094813294,0.212416803637569,0.0849027994478177,0.261360203437245,-0.0272561016253773,0.159202760219157,-0.00578950965210111,0.228193034310997,0.201506682351398,0.184420462768667,-0.0675787015692314,-0.00777963410118159,0.102027527693075,0.170864914786649,0.348571552283869,-0.290481946962385,-0.177254343985123,0.161575801329881;-0.333301807337066,0.0939206948762525,-0.108884511310336,0.282180506766085,0.337434827764330,-0.279843336007561,0.244121475714919,0.174861134207428,0.121491368317858,0.277018839913910,-0.223948498686490,-0.0285104312269161,-0.118028272878605,0.0238000460775636,-0.272186206320909,-0.256703923937242,-0.143497765327812,-0.0314833511317074,-0.0673998333346016,0.226339406599783,-0.144005900138321,-0.0644933326384921,-0.270069218911166,-0.138934610657432,-0.0219087786869727,-0.0555156437608715,-0.0241981466296572,0.0912294939809356,-0.0364020335055817,-0.0320673874440344;-0.0332602496568869,-0.0371352880789906,0.189052071480172,-0.0328621563852755,-0.156834476828013,0.251639807302982,0.0380946757009275,-0.0135058765439704,0.125825663842090,-0.0840280956576722,-0.100345747054284,0.210289873675179,-0.0575892122845894,0.148082338452121,-0.149427686219941,0.0155150749460798,0.159813336146877,-0.448441631904526,-0.215761064812197,0.257472720614930,0.379156755101101,-0.0716917432070173,-0.193832853479188,-0.142227200008309,0.268627653739352,-0.182935496507671,-0.169615120484747,0.00963372461930579,0.218512744033033,0.133124093376069;0.375507836657300,-0.201616128584989,0.225905275962348,0.0867452504671401,0.0138501661507733,-0.216810911118206,0.0384516188556211,-0.109868263463196,0.0440789831063596,-0.0526326853565473,0.0503057418650440,0.0238225506375717,0.135799807571408,-0.0908975259722528,-0.0148837104226099,-0.00783958875197413,0.180907695929802,-0.0754511185500759,-0.0567258850154018,0.405108131209305,0.0878983627709508,-0.0736520115889272,-0.225218297032736,0.163585785661622,-0.360519664064006,-0.0530986253926437,0.0334652706626101,-0.119102236200249,-0.448521018902321,-0.136325910054473;-0.0251107974935571,-0.287333793170798,-0.134348399082236,-0.0357245704549791,0.132217275075085,-0.217952482819461,-0.0394008674423066,0.0247934383416222,0.323916211946049,-0.439511108075066,-0.0201642083688850,-0.230837849014352,0.220518091257304,-0.224974194755045,0.0239884912323955,-0.152809058661213,0.00112871659600362,-0.0865740924942261,0.0805067259957912,-0.119887866322739,0.141958754323837,0.283881432935709,-0.255568361735543,-0.0422815513628472,0.0112717353594206,0.0182474704360426,0.251344099341055,-0.0227079148655855,0.301815727121744,0.0627864962290974;0.0815837455518731,0.107751124437708,-0.331458406573923,0.200998976806500,0.0436376561302424,0.0973981637638089,-0.316168488259252,0.0906712337841351,0.0822606881930054,0.0444647412793935,0.242502630434995,-0.0757439654139529,0.0944222520766772,-0.145160378215993,0.151886403058504,0.104836382834464,-0.197079446172592,0.0194485358032954,0.0941173403517135,0.286832191073219,0.303720749132362,-0.0555463744164376,0.0136497511637024,-0.243618098299381,0.0685295582348194,0.0833112019143436,-0.0232341391627082,0.421971645776582,-0.232110036327255,0.212671338621526;-0.0841134971648020,0.267173810420083,-0.329427934926836,-0.229354390890720,0.0221026507188273,0.411602116080474,-0.0414382725732315,0.230579351508341,0.141007900462205,-0.116354126961703,-0.122318262380299,0.151926718289954,0.0494117079395017,-0.313752266194141,-0.162421700036919,-0.129266429759586,0.293120477599688,0.0650962389578157,-0.100607615736527,0.166105915928070,-0.127567912695835,0.132421780520667,0.0678838078855512,-0.0348022033732887,-0.274121936095566,0.0240996465235814,-0.0139178097751598,-0.246943178275490,-0.110645279568066,0.0595911749021572;0.0780462469755047,0.384247503374655,0.0583765893896923,-0.0420999690127077,-0.164760550476594,-0.255493197149565,0.251183139096227,-0.206756955947181,-0.0618740338814798,0.0759104924484053,0.274456125724646,0.242408504023564,0.158105274396149,-0.406159213924635,-0.0520195559168965,-0.0212632457920776,-0.0523481734866822,-0.0905708676534015,0.310776398638586,0.158445025497208,-0.0516548914129678,0.0301843179558873,-0.0781629134533424,-0.0351126211568316,0.0955645892280355,0.195937543880660,-0.166866392975458,-0.0769273143220218,0.284833427798416,-0.00709421584941530;-0.224785933167097,-0.106907533236259,-0.140344813010192,-0.107668941409716,-0.0700018126897572,-0.0520984225823779,0.0391347523470449,-0.0380809703030461,-0.118099153430016,-0.135324222538644,-0.254269502946166,-0.0942742620579899,0.302614297715286,-0.0726616493898589,-0.220247362609020,0.125305708984446,-0.189549252526626,-0.200283443199887,0.325643874581194,0.0961025766332443,-0.0432617462541005,-0.283433831007757,0.190189927056377,0.294625865208602,0.216527467597350,-0.180682428507772,0.0330900981437830,-0.138292179054373,-0.253904529219469,0.261854866562939;-0.0636512444305918,-0.120759467218390,0.0367844824809108,-0.0299025824369360,0.137851025761765,0.270445242884696,0.0276550930152085,-0.404755753148037,-0.0971153979333453,0.275083355731360,-0.0104752373622610,-0.117156660111762,-0.0651778605148483,-0.181996785845663,-0.409112064020158,0.133071143212234,0.0126792234953041,0.126003826037517,0.177410100181771,-0.312029611492254,0.307534581543587,0.120535211611793,-0.265302821982305,-0.0460990762320676,-0.206281159534625,-0.000319846757457123,-0.0829417389739443,0.0240907206847320,-0.0826407880418477,0.132894159271798;-0.0925800202000743,0.249591170633614,0.274616086866581,0.00402981519954995,-0.136712820705281,0.0424490189582814,-0.00852985421573790,-0.176035627541955,0.266193790985714,-0.135891441527528,0.0177299248033040,-0.240752711230447,0.0699910033794661,-0.239171480649491,0.197476045182198,-0.0594043210295567,-0.227956010497007,0.000845453555388547,-0.231687783264759,-0.243813745628218,-0.182239096490785,-0.169647267513244,-0.107064048078775,-0.314892061757913,0.0181455224897981,-0.303818295130590,-0.176750995546281,-0.125091302953767,-0.264275764947109,0.0534305463722990;0.184423156786249,0.0360656424398059,-0.151586615119037,-0.186819623615607,-0.215101829359776,-0.147066349717295,-0.389252491638642,-0.0198776275541745,0.00720929499880807,0.0966337727336755,-0.289234206503836,-0.372503041466675,-0.262903512002615,-0.0172563143898302,-0.162347916974983,0.241570906563771,-0.0711014416401086,-0.193994277155660,0.0634826103416546,0.141924360538732,-0.162527110851201,0.0546896546211379,-0.140795258793256,-0.156407314110606,0.0620214082673105,0.190172650078155,-0.141990571630870,-0.147963180496376,0.0602610524843204,-0.273515139212154;-0.326261343903033,0.0611658912138557,0.226036799736474,0.154911058592523,-0.0610539320581011,0.212897606966241,-0.198658460088342,0.102353700886848,0.335806693350732,-0.149453386825909,0.143976567921396,0.139069720852668,0.134414591940401,0.140041878579643,-0.156288024359175,0.101017949575542,-0.180832455329897,0.0902266209187875,0.221272951632902,0.0203876326653250,0.0127003345965521,0.149668146609720,-0.108475269917732,0.266908188732972,0.0531615226708604,0.132247340500391,-0.140665737256970,0.0252107615251801,-0.115419448546299,-0.467331988846858;];
%%%%%%%%%%D=100
